0.3499477299880526
0.34871565113500597
0.3544902429311031
0.35616412783751494
0.3646766726403823
0.3590389784946237
0.35298436877737954
0.3577260055754679
0.3542600059737156
0.3499477299880526
0.34967393468737556
0.359007865392274
0.3507255575467941
0.3535444046196734
0.3557160991636798
0.3540297690163282
0.3544342393468738
0.35577832536837917
0.3549196037435285
0.35568498606133014
0.36060707885304655
0.35127314814814814
0.35169006371963357
0.3638117283950617
0.35562898247710073
0.3553551871764238
0.3578815710872163
0.3586282855436081
0.3521318697729988
0.35048909796893674
0.35568498606133014
0.35125448028673834
0.359188321385902
0.3587838510553565
0.3524305555555556
0.3571846375945838
0.3569295101553166
0.35773222819593786
0.35183940661091195
0.3489956690561529
0.3652989346873755
0.35710996614894464
0.35524318000796495
0.3544280167264039
0.36605809438470727
0.3565748207885304
0.35444046196734375
0.35418533452807643
0.3581553663878933
0.3509060135404221
0.3540173237753883
0.35574721226602946
0.35921321186778177
0.35171495420151333
0.3559650039824771
0.3528039127837515
0.3539613201911589
0.3518954101951414
0.35153449820788535
0.3581366985264835
0.36590252887295904
0.3588771903624054
0.35052643369175623
0.35691706491437675
0.3557347670250896
0.35978569295101553
0.35557920151334127
0.3591509856630824
0.3597856929510155
0.3512669255276782
0.35326438669852644
0.3542040023894863
0.3515282755874154
0.35612679211469533
0.35595255874153725
0.35865317602548785
0.35826737355635196
0.34894588809239346
0.3567801672640382
0.36142846475507767
0.3540484368777379
0.3631707984866587
0.3524243329350856
0.35967368578255676
0.35300303663878935
0.3526359020310633
0.36139735165272796
0.3571224113898845
0.3548262644364795
0.35209453405017915
0.35673038630027876
0.3621876244524093
0.3561890183193947
0.3541915571485464
0.3604141776184787
0.35068199920350457
0.3558343289526085
0.34911389884508165
0.354876045400239
0.3583793807248108
0.35860961768219835
0.3524305555555556
0.3563943647949024
0.36008437873357235
0.3579500199123855
0.35262345679012347
0.354869822779769
0.362592094782955
0.35129181600955794
0.35647525886101156
0.35613301473516523
0.35083756471525285
0.35361285344484267
0.36257964954201516
0.3569108422939068
0.3571348566308244
0.35128559338908805
0.3519763042612505
0.35386175826363997
0.3521007566706491
0.3485040820390283
0.3552307347670251
0.35966746316208686
0.3502277479091995
0.36369349860613304
0.35399865591397844
0.3553240740740741
0.348709428514536
0.3567739446435683
0.3547889287136599
0.3575828853046595
0.34954948227797694
0.3612666766228594
0.3541915571485464
0.35419777976901634
0.36222496017522904
0.35610812425328553
0.35005973715651134
0.35057621465551575
0.3560707885304659
0.35173984468339303
0.35732153524492233
0.358267373556352
0.3664874551971326
0.3612168956590999
0.3551560633213859
0.35418533452807643
0.35830470927917163
0.35781934488251693
0.3553427419354838
0.35557297889287137
0.3567552767821585
0.35673660892074877
0.35639436479490244
0.3594932297889287
0.3555418657905217
0.3501032954998009
0.3598665870171247
0.3572904221425727
0.36142846475507767
0.3491947929111908
0.3580993628036639
0.352113201911589
0.36253609119872565
0.356338361210673
0.3614409099960175
0.361764486260454
0.35612679211469533
0.3556538729589805
0.35383686778176027
0.35799357825567507
0.35300925925925924
0.3576700019912386
0.34832362604540024
0.3532083831142971
0.3600345977698128
0.35737753882915174
0.3558965551573079
0.3595056750298686
0.35586544205495824
0.3608746515332537
0.3567241636798088
0.35239944245320587
0.361764486260454
0.35966124054161686
0.3529283651931501
0.35831715452011154
0.3503024193548387
0.3598230286738351
0.3580558044603743
0.3561392373556352
0.3570975209080048
0.35344484269215454
0.35662460175228994
0.3569046196734369
0.35661837913182
0.35539252289924333
0.3517025089605734
0.35870295698924737
0.35987280963759455
0.35986658701712465
0.35330794504181606
0.3604577359617682
0.34635727797690163
0.3564814814814815
0.35122958980485863
0.35578454798884906
0.3567366089207487
0.359275438072481
0.35985414177618474
0.35302792712066905
0.3581366985264835
0.3560023397052967
0.35846027479091996
0.35752688172043007
0.3548324870569494
0.3503086419753087
0.3565063719633612
0.35005351453604144
0.35187674233373156
0.35892697132616486
0.3643717642373556
0.35279146754281165
0.3583918259657507
0.35966746316208686
0.350090850258861
0.3502215252887296
0.347788480684986
0.3558343289526086
0.35695440063719636
0.3534448426921545
0.3543782357626443
0.3543720131421744
0.36353171047391475
0.3594372262046993
0.3585225009956192
0.35655615292712073
0.35644414575866196
0.35421644763042615
0.3563570290720828
0.35909498207885304
0.35473914774990045
0.35019663480684987
0.3546084727200319
0.35854739147749903
0.3547951513341298
0.3592692154520111
0.3569792911190761
0.36295300677021103
0.35554808841099156
0.35571609916367986
0.3581989247311828
0.3508375647152529
0.36353793309438476
0.3602710573476703
0.3641913082437276
0.35816781162883315
0.3605946336121067
0.35813047590601355
0.34990417164476306
0.35969857626443646
0.3564565909996017
0.35625124452409396
0.35052021107128634
0.366543458781362
0.35258612106730386
0.3604390681003584
0.36033950617283955
0.3556476503385106
0.3519638590203107
0.36022127638391077
0.35547341696535245
0.36473889884508165
0.3518082935085623
0.3566432696136997
0.35340750696933493
0.35872784747112707
0.35362529868578263
0.3565561529271207
0.35602723018717647
0.3553987455197133
0.3572157506969335
0.35813047590601355
0.3569295101553166
0.34487629430505773
0.3584913878932696
0.3563881421744325
0.3528536937475109
0.3565374850657108
0.3526483472720032
0.3563632516925528
0.35376219633612105
0.35050776583034643
0.3534448426921545
0.3570352947033055
0.3596612405416169
0.35232477100756676
0.3678937674233373
0.3503833134209478
0.3530279271206691
0.36946809040223016
0.35512495021903623
0.35930655117483074
0.3578566806053365
0.36105510752688175
0.34599014336917566
0.35687350657108724
0.3582487056949422
0.35426000597371565
0.3560023397052967
0.3664003385105536
0.3572779769016329
0.354409348864994
0.3590887594583831
0.3514536041417762
0.35786912584627634
0.35552942054958186
0.3575268817204301
0.350644663480685
0.35564142771804064
0.3553551871764237
0.3558405515730784
0.3492819095977697
0.3574833233771406
0.35344484269215454
0.35025263839107923
0.3567801672640382
0.3541791119076066
0.35381819992035046
0.3539115392273995
0.3623867483074472
0.3539862106730387
0.35349462365591394
0.35576588012743926
0.35310882118677817
0.35230610314615696
0.3487716547192354
0.3559650039824771
0.3605075169255276
0.35457113699721227
0.3550938371166865
0.35514361808044603
0.36003459776981284
0.3523061031461569
0.35480137395459976
0.3551871764237356
0.3575953305455994
0.3544217941059339
0.35108646953405015
0.357172192353644
0.3580806949422541
0.3606133014735165
0.3585162783751494
0.3592505475906014
0.35348217841497415
0.35533029669454397
0.3615902528872959
0.3587589605734767
0.3519576363998407
0.35786290322580644
0.35926921545201124
0.3531461569095977
0.3598977001194743
0.3525363401035444
0.35647525886101156
0.35124825766626844
0.35209453405017915
0.3545524691358025
0.3543533452807646
0.36061952409398645
0.34928813221823973
0.3487529868578256
0.361944942254082
0.3535941855834329
0.3526607925129431
0.3528350258861012
0.3459776981282358
0.3502339705296694
0.34757068896853843
0.3449385205097571
0.3566681600955795
0.35708507566706493
0.35067577658303467
0.3538990939864595
0.3560334528076463
0.35575343488649946
0.3570539625647152
0.35473914774990045
0.35674905416168856
0.3514038231780167
0.3531212664277181
0.36117955993628037
0.3583233771405814
0.3517834030266826
0.35399243329350855
0.351011798088411
0.35201986260454005
0.35258612106730386
0.3618516029470331
0.35537385503783353
0.35842293906810035
0.3568423934687376
0.35676149940262847
0.35579699322978897
0.35268568299482284
0.36007815611310234
0.3535444046196734
0.35123581242532853
0.35819892473118276
0.3639237355635205
0.3551125049780964
0.35754554958183987
0.35363774392672237
0.35925677021107133
0.3516340601354042
0.36045151334129827
0.36416019514137793
0.3565188172043011
0.3510864695340502
0.3534261748307447
0.3482862903225807
0.3500721823974512
0.35846649741138986
0.3545462465153325
0.35854739147749903
0.3532021604938272
0.353401284348865
0.3594745619275189
0.3477760354440462
0.36249253285543603
0.36059463361210675
0.358279818797292
0.35745221027479096
0.3511486957387495
0.3553116288331342
0.35957412385503784
0.3512233671843887
0.36312724014336917
0.3515905017921146
0.3555729788928714
0.34894588809239346
0.35326438669852656
0.35141626841895657
0.35282880326563126
0.3529968140183194
0.35007840501792115
0.35472670250896055
0.3577260055754679
0.35909498207885304
0.3593936678614098
0.36473889884508165
0.35248033651931504
0.35128559338908805
0.35531785145360417
0.35605834328952607
0.3557347670250896
0.3534510653126245
0.3553863002787734
0.3595056750298686
0.36199472321784154
0.3572530864197531
0.3635814914376742
0.355050278773397
0.35030864197530864
0.34562300876144963
0.35668682795698925
0.3487467642373556
0.3501530764635603
0.35935010951812024
0.35439068100358423
0.36529271206690556
0.35595878136200715
0.3618391577060932
0.3520074173636002
0.3532892771804062
0.3606693050577459
0.3569730684986061
0.3646020011947432
0.3549818299482278
0.3575268817204301
0.35507516925527677
0.35498182994822775
0.3561516825965751
0.348161837913182
0.3531710473914775
0.35635080645161293
0.3540048785344484
0.35742109717244125
0.35381197729988056
0.35887096774193544
0.35514984070091593
0.3612417861409797
0.34883388092393464
0.3579998008761449
0.35093712664277177
0.3536999701314218
0.35124825766626844
0.35621390880127435
0.3580931401831939
0.3444967144563919
0.3509371266427719
0.3559276682596575
0.36193871963361207
0.354228892871366
0.34795026881720426
0.3511175826363998
0.35570987654320985
0.36084353843090405
0.3582611509358821
0.35846027479091996
0.35254256272401435
0.36089331939466346
0.35837315810434084
0.35840427120669055
0.3531648247710075
0.35324571883711664
0.36355660095579456
0.3545400238948626
0.3544280167264038
0.3567366089207487
0.35811803066507364
0.3524554460374353
0.35283502588610116
0.3487592094782955
0.3545338012743927
0.3598416965352449
0.35449646555157305
0.35452757865392276
0.35238077459179606
0.36140979689366787
0.3582984866587017
0.3558654420549582
0.3533826164874552
0.3617707088809239
0.3557036539227399
0.3524678912783752
0.35861584030266824
0.35254256272401435
0.3587900736758263
0.35404843687773796
0.3519700816407806
0.35832959976105133
0.3598603643966547
0.3531088211867782
0.3573215352449224
0.3576886698526483
0.35541741338112304
0.3603021704500199
0.35532407407407407
0.35775711867781756
0.35225009956192754
0.3533328355236957
0.360482626443648
0.35003484667463164
0.34586569095977704
0.3569108422939068
0.3513291517323775
0.36018394066109116
0.3571597471127041
0.35479515133412987
0.3507255575467941
0.3573028673835125
0.3505264336917563
0.3582300378335324
0.3565748207885304
0.356338361210673
0.35625746714456397
0.3491263440860215
0.3533701712465153
0.3602586121067304
0.3558281063321386
0.3523061031461569
0.3513602648347272
0.35374975109518114
0.35658726602947033
0.35317727001194743
0.34787559737156515
0.3610239944245321
0.35562898247710073
0.3588834129828753
0.35202608522500994
0.3497361608920749
0.35551075268817206
0.3495308144165671
0.3548138191955396
0.3596799084030267
0.355790770609319
0.35807447232178413
0.35504405615292717
0.3588647451214656
0.3529159199522102
0.35258612106730386
0.3585100557546794
0.352299880525687
0.35369374751095184
0.3617395957785743
0.3535692951015531
0.36503136200716846
0.35910742731979295
0.35630724810832337
0.35277279968140185
0.3492196833930705
0.3628285543608124
0.3550938371166866
0.36438420947829553
0.35476403823178015
0.35287236160892077
0.35761399840700914
0.3578380127439267
0.3590140880127439
0.36150313620071683
0.3545773596176822
0.35913231780167265
0.3570166268418957
0.3543969036240542
0.3619698327359618
0.35809314018319394
0.35215676025487846
0.3549569394663481
0.3497050477897252
0.3546022500995619
0.35126070290720823
0.3547329251294305
0.36676125049780967
0.3594807845479889
0.35323949621664674
0.3575517722023098
0.35381819992035046
0.355790770609319
0.352299880525687
0.35910742731979295
0.3622062923138192
0.359474561927519
0.35521828952608525
0.35859717244125844
0.36333258661887696
0.34990417164476306
0.36127289924332934
0.36207561728395066
0.35015929908403026
0.3516340601354042
0.35766377937076865
0.3575331043409
0.3516278375149343
0.3679871067303863
0.35150338510553564
0.3576700019912386
0.3495992632417364
0.35322082835523694
0.35088734567901236
0.36620743727598565
0.34852897252090803
0.3568237256073278
0.3514100457984866
0.3577820091596974
0.3591634309040223
0.34810583432895265
0.359094982078853
0.35440934886499403
0.35597744922341695
0.3536377439267224
0.35427245121465556
0.35572854440461965
0.3496863799283154
0.35740242931103144
0.3544902429311032
0.35318349263241733
0.35528051573078456
0.358640730784548
0.35659971127041024
0.3581429211469534
0.3599972620469932
0.3509557945041816
0.35773222819593786
0.35726553166069297
0.35781934488251693
0.35959901433691754
0.356157905217045
0.351926523297491
0.3516589506172839
0.3494748108323377
0.3523372162485065
0.3570788530465949
0.35591522301871764
0.35614545997610514
0.35481381919553967
0.35285991636798086
0.36185782556750296
0.3600470430107527
0.35838560334528075
0.3579251294305058
0.35475781561131026
0.35115491835921947
0.35619524093986454
0.3612542313819196
0.35771356033452806
0.35356307248108326
0.35333283552369577
0.36079375746714454
0.3577011150935882
0.3550253882915173
0.3500099561927519
0.3629778972520908
0.35834204500199124
0.3544404619673437
0.35809314018319394
0.35668060533651924
0.3559525587415372
0.35088112305854247
0.3506571087216248
0.3611982277976902
0.34794404619673436
0.35788779370768614
0.3586656212664277
0.36014660493827155
0.3528661389884509
0.36238674830744727
0.35710374352847474
0.3565934886499403
0.35767000199123855
0.35287858422939067
0.3598105834328952
0.3537808641975308
0.35962390481879736
0.3563632516925528
0.35990392273994426
0.35419777976901634
0.351565611310235
0.35539874551971323
0.3537933094384707
0.3507131123058542
0.3556165372361609
0.369853892871366
0.3619013839107925
0.36162136598964545
0.3597234667463162
0.3548200418160095
0.3534199522102748
0.3543595679012345
0.3572841995221027
0.3506197729988053
0.355971226602947
0.3572530864197531
0.35770733771405816
0.35529918359219437
0.35925677021107133
0.3519389685384309
0.3548262644364795
0.3487343189964157
0.350277528872959
0.3535755177220231
0.35164028275587417
0.3551062823576264
0.3461768219832736
0.35473292512943044
0.35598989446435686
0.3563259159697332
0.3520696435682995
0.3579126841895659
0.3628845579450418
0.363139685384309
0.3535692951015532
0.352480336519315
0.3545835822381521
0.3559401135005974
0.35010329549980085
0.35520584428514534
0.35749576861808047
0.35671171843886895
0.35791890681003585
0.35122336718438874
0.35089356829948226
0.35799357825567507
0.3659460872162485
0.35720330545599366
0.35966124054161686
0.3537933094384707
0.35676772202309837
0.3549569394663481
0.3574833233771406
0.364334428514536
0.3533141676622859
0.35648770410195146
0.35363152130625247
0.3534261748307447
0.3479938271604939
0.35227499004380725
0.351472272003186
0.36103643966547194
0.3528661389884509
0.35867184388689766
0.3630152329749104
0.3550378335324572
0.35247411389884503
0.3573713162086818
0.3541542214257268
0.36575318598168066
0.3516838410991637
0.3571410792512943
0.3526794603743528
0.3554983074472322
0.3523123257666268
0.35672416367980886
0.35734642572680214
0.3559401135005974
0.35790023894862605
0.35191407805655117
0.35773222819593786
0.35981058343289524
0.35738376144962175
0.3536252986857825
0.35832337714058143
0.3475582437275986
0.35955545599362804
0.3545586917562724
0.3573028673835126
0.36137246117084826
0.35807447232178413
0.3532892771804062
0.3534199522102748
0.3499850657108721
0.36546694544006375
0.35904520111509364
0.3570726304261251
0.3530030366387893
0.35304659498207885
0.35385553564317007
0.35306526284348866
0.35689217443249704
0.35726553166069297
0.35764511150935885
0.3586967343687773
0.3563072481083234
0.35362529868578263
0.35733398048586223
0.3523372162485066
0.35249278176025484
0.35794379729191556
0.35622013142174436
0.3535195141377937
0.35753932696137
0.3525363401035444
0.36092443249701317
0.352480336519315
0.36149691358024694
0.3535070688968538
0.3563881421744325
0.3594185583432895
0.35103668857029074
0.3563632516925528
0.3597856929510155
0.3578753484667463
0.359468339307049
0.35052643369175623
0.36068175029868577
0.35732153524492233
0.364707785742732
0.3584727200318598
0.35505650139386696
0.3578815710872163
0.3550938371166866
0.35365641178813223
0.3516589506172839
0.3555605336519316
0.35601478494623656
0.3535381819992035
0.3511486957387495
0.3465626244524093
0.3578629032258065
0.36117333731581047
0.3561890183193947
0.35567876344086025
0.35103046594982085
0.3586593986459578
0.35419155714854633
0.3555854241338112
0.3569232875348467
0.3625609816806053
0.3471537733970529
0.3515407208283552
0.3614284647550777
0.3575517722023098
0.35229365790521705
0.3555667562724014
0.362585872162485
0.35567876344086025
0.35421644763042615
0.3549693847072879
0.35310259856630827
0.3542102250099562
0.357445987654321
0.3537497510951812
0.3577508960573476
0.36800577459179606
0.3564068100358423
0.3535381819992035
0.3534510653126245
0.3518829649542015
0.355604091995221
0.3559525587415372
0.3559338908801275
0.36355037833532455
0.3576202210274791
0.3567739446435683
0.35139760055754676
0.35318349263241733
0.3533950617283951
0.35554808841099167
0.35493204898446834
0.3507255575467941
0.35271679609717244
0.3483298486658702
0.356892174432497
0.3578255675029869
0.3452372062923138
0.3578815710872163
0.3580806949422541
0.3561392373556352
0.3604639585822381
0.3604639585822381
0.3573028673835126
0.35137893269613696
0.36369349860613304
0.3638117283950617
0.3619822779769017
0.3508188968538431
0.3607253086419753
0.35007840501792115
0.3553925228992434
0.352480336519315
0.358180256869773
0.35908875945838314
0.36007815611310234
0.3546271405814416
0.35910742731979295
0.35422889287136594
0.3619511648745519
0.35136648745519716
0.3549693847072879
0.35506894663480687
0.35883985463958584
0.3599785941855835
0.3546022500995619
0.35806202708084434
0.34740267821585025
0.34817428315412186
0.3567801672640383
0.3602586121067304
0.36061952409398645
0.36187649342891276
0.35706640780565513
0.3559463361210673
0.3540608821186778
0.35672416367980886
0.36641900637196334
0.3622187375547591
0.3526732377538829
0.35313371166865787
0.35810558542413384
0.3581615890083632
0.359287883313421
0.359281660692951
0.3518642970927917
0.35451513341298285
0.3456914575866189
0.352380774591796
0.350738002787734
0.3549880525686977
0.36066930505774597
0.3513229291119076
0.3551560633213859
0.352660792512943
0.3551436180804461
0.36029594782955
0.34913878932696135
0.35594633612106724
0.35930655117483074
0.35689217443249704
0.3554920848267622
0.3578815710872163
0.3645771107128634
0.36206317204301075
0.35561031461569104
0.35676149940262847
0.35785045798486664
0.3635379330943847
0.3576824472321784
0.3593127737953007
0.36157158502588604
0.3617458183990442
0.3559587813620071
0.3637246117084827
0.3504019812823576
0.3506633313420948
0.3505202110712864
0.35262967941059337
0.3517149542015134
0.3597234667463162
0.34880276782158504
0.3537435284747113
0.3612168956591
0.35650014934289126
0.35667438271604934
0.3514473815213062
0.35346351055356434
0.3666803564317005
0.3583047092791716
0.3565748207885305
0.3520323078454799
0.3565188172043011
0.35185807447232176
0.35951189765033853
0.34944369772998807
0.3528350258861012
0.3561267921146954
0.35551697530864196
0.3592754380724811
0.3559898944643568
0.3531337116686579
0.3591074273197929
0.35599611708482676
0.3627787733970529
0.35482626443647947
0.3469857626443648
0.3491076762246117
0.36022127638391077
0.35170873158104343
0.3567739446435683
0.3659772003185982
0.3607190860215053
0.3597110215053763
0.3590514237355635
0.35123581242532853
0.35404221425726795
0.3455794504181601
0.3600719334926324
0.35104913381123054
0.3548822680207089
0.3605386300278773
0.35505650139386696
0.35378086419753085
0.34918857029072087
0.35641925527678214
0.35746465551573076
0.36133512544802865
0.36119200517722017
0.35769489247311825
0.35591522301871764
0.36022127638391077
0.35861584030266824
0.36103021704500193
0.3493005774591796
0.34636350059737153
0.3557969932297889
0.35436579052170447
0.3506135503783353
0.361030217045002
0.35521828952608525
0.35297814615690964
0.3583047092791717
0.36029594782955
0.364340651135006
0.3616338112305854
0.3563508064516129
0.3547329251294305
0.357072630426125
0.36176448626045404
0.35124825766626844
0.3537808641975309
0.3559587813620071
0.3497548287534846
0.3527230187176424
0.3604266228594185
0.36381795101553166
0.35652503982477096
0.35708507566706493
0.35338261648745517
0.363145908004779
0.34767025089605735
0.36208183990442055
0.3587029569892473
0.353768418956591
0.35885852250099565
0.3572841995221027
0.35660593389088013
0.359922590601354
0.35524318000796495
0.3555729788928714
0.3530465949820789
0.3530528176025488
0.3580993628036639
0.3623867483074472
0.360569743130227
0.3545275786539227
0.35191407805655117
0.35964257268020705
0.3589020808442851
0.35505650139386696
0.3654856133014735
0.35428489645559536
0.36438420947829553
0.354869822779769
0.35348217841497415
0.3587216248506571
0.35730909000398253
0.35958034647550774
0.35999103942652333
0.35137893269613696
0.355236957387495
0.34932546794105934
0.3593065511748307
0.3616462564715253
0.3554547491039426
0.34780714854639583
0.35464580844285143
0.3567490541616885
0.36022127638391077
0.3543906810035843
0.34853519514137793
0.3482302867383512
0.3590825368379132
0.3497672739944246
